%YAML:1.0
---
h_cam2gripper: !!opencv-matrix
   rows: 4
   cols: 4
   dt: d
   data: [ 0.99672376631244164, 0.052843032247138544,
       0.06123191660293744, -103.20353942438732, -0.050969596806516596,
       0.99819491045321562, -0.031765090062487372, 20.081205460942861,
       -0.06279995118885319, 0.028540054103394354, 0.99761797870850999,
       -295.26538805697299, 0., 0., 0., 1. ]
