%YAML:1.0
---
instrinsic: !!opencv-matrix
   rows: 3
   cols: 3
   dt: d
   data: [ 1432.2416304584797, 0., 930.97240717432067, 0.,
       1433.2949188154264, 586.6787037138605, 0., 0., 1. ]
distortion: !!opencv-matrix
   rows: 5
   cols: 1
   dt: d
   data: [ -0.10893075101915492, 0.16658851391350521,
       -0.00043356460317333663, -0.0010647676984289253,
       0.16622761911070744 ]
